1902
11170
5875
4793
19544
0
0
20698
2609
7920
0
16336
11163
6626
5808
12634
8867
0
7122
9344
0
5170
2037
0
2483
13968
0
16844
104
6406
25919
18061
8401
0
9227
10125
0
7539
9763
924
3103
5877
12462
3526
0
0
2953
17687
2263
0
4408
6715
1222
8132
3430
10524
0
12930
3299
13815
7458
3348
11609
12569
13202
12031
12976
8147
887
9222
0
17764
7217
0
1477
1995
3291
12786
4002
3232
2232
0
11654
9869
4851
4322
0
1329
5589
0
4578
15366
10998
9244
0
11020
1896
0
0
11813
9518
3925
17493
0
15402
11269
19925
7442
4124
1546
6534
11455
1934
12320
10908
0
19232
1753
3759
8244
10504
646
0
0
8009
0
11866
11395
0
6064
3935
2588
24371
8357
9293
6586
5567
4090
3895
4349
1128
12556
347
9724
16
3509
10918
17922
2005
0
6450
0
0
464
15659
7846
9149
4583
12296
14622
10405
5685
4418
0
0
14564
0
0
52
0
2735
9594
4401
64
0
5277
0
10042
6371
16260
0
7091
9047
2152
0
0
3141
8274
1798
0
0
8415
5284
10211
14766
3515
6299
0
22473
0
20586
755
10436
11208
0
5918
1446
0
6132
7562
14991
5236
6905
0
12836
0
6463
8931
2649
9347
13196
4018
11349
11427
10397
15809
8676
0
7008
5770
4380
4340
8350
3582
0
0
0
1839
7933
18019
11019
11941
9688
0
761
20062
0
0
7377
0
0
7668
0
16868
0
2725
4449
13548
4942
3553
787
11302
15944
0
9915
6804
2011
13415
6651
0
13057
5226
2501
9526
12286
1441
7275
15793
16065
21149
13553
14817
0
178
7827
7364
10212
11766
11660
12921
13848
7942
0
9134
0
0
413
6417
1047
14461
11925
0
9192
0
5840
15465
0
8586
0
22417
1424
2007
6775
19376
6247
10580
5032
8017
0
7561
17677
8121
6906
9657
16268
5117
2406
24290
5866
8735
0
16324
2898
0
12389
15625
7447
3453
8778
443
0
0
8075
17137
8456
3094
1100
160
15416
0
18261
320
12281
1770
10993
1449
1124
8054
19553
3974
2381
6044
9843
3737
20441
3541
0
12957
5092
13279
16449
903
0
4036
14077
5237
8797
7368
0
9547
14588
5064
6411
0
7621
3291
5979
0
10877
5376
0
12432
12117
8116
3857
7391
401
1574
11810
36
3603
2284
9926
3588
127
6347
3697
5630
9492
12087
991
5978
11325
0
9602
0
1652
13765
3060
1219
2973
5784
2699
11573
13828
9508
10252
3397
0
19194
5590
13927
15397
6904
9081
0
10551
23121
13546
4434
14408
4411
14031
12539
13573
3841
1458
0
3541
1909
11188
9439
520
2166
20617
1072
7758
8383
2116
0
5610
4151
12322
8932
6869
0
0
10163
8785
14409
3141
2969
12951
8866
13104
4090
675
16757
9645
0
0
11158
18959
4322
12592
13800
76
0
0
0
0
15097
3832
5038
4533
10609
11557
783
84
0
